 

 

 

 

 

 

 

 

 

298 m· 11119111. suun 1991119
9119111111- , . 9119111111- 9-9111-11- , . s A·
1119111.. Μ’* nunqu-a mm Duum* ω-
91ο ι’ 99” 99999 99199ι ⁷¹⁴ ¹³8· 42¹ ⁵⁹«, 99999 199·
92. 1. 91 99992 99. 99. 9 197. 92. 12 99979 m.
99. 1. 99 99921 99. 99, 11 199Δ 91. 29 99999 197,
99, 1. 99 99999 91. 99. 19 199. 99. 99 99999 199
99. 1. 99 99999 92. se. 17 199. 99. 97 99919 199.
99. 1. 99 99927 99. 59. 22 191. 99. 97 99999 199.
97. 1. 92 99799 99. s& 29 192. 99, 9 99979 191.
99. 1. 29 99799 99. 99. 99 199, 97. 19 99997 192
99. 1. 19 99799 99. 99. u 199, 39, 22 99999 ua
199. 1. 7 99799 97, 99 99 199. 99, au 99999 nu.
191. 11Δ 97 99972 99. 99. a 199. 99. 29 99999 199.
m. 9. 99 99991 99Δ 99. 19 197. 2³. 92 99999 199.
199. 9, 91 99919 199. 99. 29 199Δ 92. 97 99199 197.
199 9. 19 99999 191. 99. 92 199, 91. 92 99999 119.
191. 9. z 99999 192. 99. ss 199. 99. 99 99997 119,
199. 99. 99 99919 194. 9. 19 191. 99Δ 9 99912 199.
199. 99. 29 99999 199, 9, 91 192. 29. a 99997 191.
197. 99. 11 99999 199. 1. 29 199. 99. 9 99999 192.
199 99. 91 99129 197. 1. 9 199Δ 27, 9 nam ς 1113Δ
199. 99 91 99999 199. 1. 29 199. 29. 9 997119 Ι 199.
119. 99, 9 99979 199. 1. 91 1119Δ 29. 19 99999 ¹⁵⁵.
111. 97. 99 99991 119. 2. 19 197. 79. 11 99991 159.
112. 97. 29 99912 111. 2. 37 199. 29. 11 99929 197.
119. 99. 19 992119 119, 9. 2 1.·19Δ 22. 11 99317 199.
119. u. 92 99299 119, 9. 29 199, 21. ιο 99997 199,
119. 99. 9 99229 119. 9. 99 191. 29. 9 99299 199.
119. 99. 27 99199 119. 9. 29 192. 19Δ 9 99999 191.
117. 99. 9 99179 119. 9. 99 19919. 9 99277 192Δ
119 99. 99 99192 117. 9. 22 199. 17. a 99299 199.
119. u. 7 99119 119 9. 99 19919. 1 99299 199.
129. 951Δ 99 99999 119, 9. 29 199. u, 99 99292 195.
121. 99 a 99991 129. 9. 97 1117. 19. 95 99199 199,
122. 97. 29 99999 121. 7. 91 199. 12. 92 99299 197,
129. 91. 99 99999 122. s. 9 199. 11. 99 99292 199.
129. 91. 19 99992 179. 9. 47 179, 19. 99 99227 199.
129, no. 91 99997 199Δ 9. 19 171. 9. 99 uum 179.
129. 5ο. 9 991191 119Δ 9, 99 172. 9. 99 99217 171Δ
127. 99. 29 99999 129. 19. 39 179. 7, 91 99219 172.
129. 99. 99 99992 127. 11, 19 179. 9, 27 99219 179.
129Δ 99. 9 119997 129. 11. ⁵5 179. 9, 22 99297 179.
199. 97. 19 99919 129. 12. 99 179. 9, 19 99291 179.
191, 99. 42 99919 199. 19, 19 177. s. 19 99292 179.
192. 99. 99 99797 191Δ 19. 1 179 2. 19 99291 177.
1951Δ 99. 19 99799 192. 19. 99 179, 1, 9 99299 179.
199. 99. 91 99791 199. 15. 29 199, 9. n 99299 199.
199. 99. 99 Ι-911719 199. 19. 19 -
Caput XXXI.

Per mentionem «vectario-'totis Solia mm nan-bari moia-'lim aeq:
Salia a mahom caponum: et de quatuor mdis m computa
sed ne qun 1191119 obstet suspicio 911 sequentia pergentibus, 111

et Pwlemie· forms primae *) inaequalitatis explorabirnus. 911 91

Sole diver-im aquationum contingat 11199913 jnm manu-icium.

-) 1,, ,9991111199- apium oriam eoum-io ‚pud mmm imum
vul *rm (emmim) vol epinynfi (noxam), qux 1119111111
uti· 1999111199, ipae otim Μῶμε {nuqua-lim· 1²¹

89119 “ (Ην-11
nun· w.

